7540
507
1739
303
3657
1576
9563
491
7071
216
5984
8141
8130
7692
7870
2593
4851
2950
2
6536
6526
3980
5277
7305
5474
6526
2619
6266
9145
3764
7340
6773
6732
9460
1758
1201
7570
1077
2680
5325
829
3003
4775
8672
5080
7265
1453
2323
3572
5075
1366
6212
4633
5635
9150
8216
7662
8313
2054
2834
9914
9025
2592
2876
4341
2350
7534
7395
8086
2010
7605
6369
4943
9895
2054
2693
3021
9774
1093
3099
8355
3555
7030
9567
707
9079
1380
8325
9076
6526
4655
2036
1003
8453
9763
574
3855
4575
8469
3937
8475
2867
6010
3331
8488
6948
5084
5630
933
6311
6848
5444
5215
4836
5599
7981
8796
8655
5037
4404
9569
5400
1045
3524
9716
2727
3730
6014
4079
281
9994
1504
4407
222
2513
3895
152
7786
8531
210
6361
3998
1778
1750
4589
5173
1769
3635
521
2782
3046
2596
6632
9508
314
3073
9375
5393
6237
4413
4702
1430
7076
4547
2324
5928
4550
8366
3573
3040
9205
9285
4381
5131
885
9649
1129
6727
3419
439
945
6009
3220
6188
9732
5898
6635
2481
5952
7045
7499
9044
2808
7108
5811
9077
6911
1493
7359
3301
1061
4085
3874
7554
7844
1903
250
3539
9014
1948
8662
4740
758
7997
8141
6921
7547
1703
2744
6586
8831
5474
8782
9393
6494
3732
2362
9135
1857
384
5189
9818
2362
2430
3147
1336
309
6105
3549
5800
4266
1414
5146
4081
3072
2915
8117
7305
4564
9877
2685
9594
5298
3165
4373
7776
983
888
6295
7176
2868
6534
8979
2254
9099
580
6318
3907
8727
5734
2518
5027
9184
3146
3106
2488
7589
9587
2107
7041
46
2889
9545
9606
4672
666
9504
1971
2518
689
9611
4417
753
5674
8904
7312
1919
2332
7546
7860
5479
3537
3646
4400
920
9640
7308
6518
8742
7896
9074
5456
591
8126
130
975
6650
80
9510
6389
7738
9909
6882
5252
3223
313
3845
2815
4032
3137
824
1817
1919
9828
7025
4791
7040
7073
6409
3574
7304
3624
8371
350
4578
5115
1253
2057
186
1138
6591
9398
8031
4003
2556
5386
8290
9145
6778
8017
3953
5591
3599
9795
7038
3254
5603
2897
8832
2067
9118
7138
4225
9087
9316
3134
4864
1068
6192
5871
4875
602
8386
1832
7019
3455
8603
1315
9575
3618
4556
5810
4967
2227
1850
8907
9641
6454
1170
3317
9546
5523
5410
9480
8202
7037
1841
5210
2695
4999
2558
6615
6977
8211
4211
8532
5391
4941
2529
7303
7040
3519
232
571
5347
518
4029
2162
5353
4778
1138
8576
4855
4375
5567
7644
5163
5077
2060
4804
7788
248
7163
9796
6334
3717
1948
7316
1964
2452
6721
3554
5672
198
8516
6836
3282
4224
2024
3884
5949
4435
9078
7673
3529
1746
4687
1817
7186
97
4475
2667
3690
579
8151
9487
240
6918
5605
626
3131
627
5180
4293
3713
4391
9977
1061
5446
4581
2145
7909
2345
5625
7959
4019
1320
9348
9525
2133
2211
5790
6401
5667
1870
2786
1146
9675
5936
4112
4496
1152
2818
9640
9856
7415
1438
6759
7416
1132
3616
5733
9306
7304
1493
3396
3639
6108
7299
712
213
3537
266
260
8069
4382
7288
8517
7760
691
5128
2591
5739
1465
7319
8670
6889
1536
1255
6830
5907
236
5869
1590
2095
9965
3758
8880
2901
6740
6181
1598
2938
6099
7581
8419
73
631
9102
4853
8364
9624
6240
6806
2558
2464
3672
7722
397
4437
5227
3996
9742
1823
5522
3916
6500
3999
332
1039
8910
6270
3658
6445
5278
1112
1262
9256
2657
6468
2009
7653
4464
8904
9154
3703
4473
3885
593
698
1142
627
7539
7738
8513
1964
5231
8873
2163
8813
5175
3271
1342
3460
6831
6282
9833
555
3897
6768
9349
9039
6480
2872
4020
9454
3164
5846
1181
255
8807
7316
806
3588
2586
4910
2527
9466
6573
6928
4428
3531
9479
6052
9035
3515
4922
1678
4191
2571
2396
3875
1441
2569
6129
7005
9312
6937
6870
2502
6634
9170
1754
6715
1051
4328
8173
5665
7795
7198
8635
3201
7087
4264
7933
7172
9528
4902
6788
8077
2277
625
4113
4835
3204
6239
7211
8270
1121
7170
9486
7978
9517
8036
4713
3431
6701
1543
6149
1318
5520
7900
8290
8409
8776
8177
4960
95
1456
5891
4210
6982
1511
6316
9647
7432
4102
6250
7097
8870
96
4388
9755
7529
4377
8392
3680
3585
9514
6756
2987
6366
5592
8245
4890
452
4105
1574
5870
2673
7376
2366
8402
826
6827
7956
9949
7966
2206
9715
471
8252
8785
1144
7465
3628
5608
411
3181
2247
1054
2918
277
2189
9109
9109
3557
9124
8961
473
9824
1795
2292
9591
4537
1501
3872
7361
9100
832
7149
9828
2425
4225
7858
9012
3235
4279
8805
2697
3545
6890
3748
2099
670
3158
3158
8945
7278
1599
8643
7805
6373
6237
4801
2620
347
7476
18
1610
8645
8303
8366
7814
5210
7271
937
1219
3767
3126
7541
4738
4453
211
2351
1971
9157
7946
4036
6508
1501
4820
6533
1613
2091
4530
3461
8456
5706
7359
5305
1171
5141
8022
1420
3807
970
4649
2384
8893
2801
10000
7435
7302
2945
4349
5510
751
4505
7314
3648
961
8834
8680
4034
6818
24
4905
6907
2484
4704
3535
3615
2111
9371
1039
44
6001
6094
996
6852
9801
9811
4764
8575
504
1741
8995
9250
419
6251
821
530
2920
2206
3264
2908
1657
1258
9053
8205
3867
3745
921
232
8580
8703
5240
9842
6515
6885
1931
3937
2759
6809
5381
9763
8164
4254
7486
1071
1279
6613
8962
6403
2998
1013
715
1777
550
9376
3877
6772
3035
950
3454
4795
2688
8252
4374
1687
157
9968
3984
412
7354
250
9803
5124
2428
1446
2848
8474
4937
2253
9965
9505
151
6833
3749
4569
4709
7952
6352
6620
3479
338
5389
6137
1832
6588
4320
8068
6338
9013
3534
8321
7664
2945
3283
8043
5386
4954
1237
9373
4339
368
6871
2889
2551
