810
8566
4979
6280
2256
9606
6533
9871
3021
6694
2472
8974
6970
7124
8942
6843
4580
3272
8334
6078
5257
5598
9569
8166
2727
2201
4553
8479
1206
2902
7103
9301
8900
4080
7665
2181
5525
8713
8228
1634
817
8809
3166
9372
8042
7219
3589
9829
6141
4528
4847
2750
5875
3755
2186
345
6666
3997
781
510
7698
2500
5072
4912
8954
2494
1558
988
4725
8908
8784
3040
8472
6695
7161
5445
3574
7398
218
9220
1979
6251
5849
7208
6257
8835
6464
6341
9105
5611
9746
2961
9039
336
9493
147
4267
6119
7017
3387
4146
6201
9
6115
8219
9755
9098
2930
9882
8292
2683
1537
5366
1112
4839
2382
2011
5658
2644
7503
8036
9301
1079
8127
6587
2010
1790
7138
2749
9035
2883
7002
1617
1750
4245
3329
8711
5586
2468
9543
2177
8051
281
3034
6233
9039
5615
1087
4000
7413
8295
1812
8089
4277
5688
4990
150
6727
2621
5017
6027
6383
9641
9984
1107
1035
2304
4992
5938
7208
4928
4329
4974
4573
5042
5305
3029
2454
7621
8517
7482
7040
2724
8121
1619
6303
3905
9263
4072
7652
8088
4781
3606
4845
3146
1248
2348
3096
5268
9939
3577
2948
4435
3333
3301
1131
4149
4504
1874
9234
4239
6868
1794
4905
1411
3637
5929
2608
3115
9408
5979
9104
9046
6265
8750
4111
4160
9109
2854
7253
4723
9460
4555
6065
993
2822
5136
6140
9850
2965
6234
5124
7139
7225
7027
442
2959
9046
9193
1777
2667
1936
3561
2420
1404
7009
3732
6750
6242
7908
4016
1494
7203
9822
3
6734
2945
6166
8902
9828
6536
9096
2249
1751
8613
7972
5661
8523
9604
2444
4858
5568
7576
7841
4809
6089
4275
4658
5700
2397
6501
8727
6937
9713
7370
6149
4402
6958
4551
2821
2274
9619
5745
9104
2574
4488
2597
4337
4843
6825
5769
8572
1607
9278
8575
9562
5257
5264
736
5905
7437
7605
2354
7952
4594
5717
4031
4918
5670
1765
1007
2551
4348
503
9082
9346
7032
1725
3554
134
8169
8645
4501
2307
8842
9733
5741
2300
3660
9959
9025
6304
5289
5538
7513
8757
3419
6278
6322
6527
2701
4640
4779
3416
7000
8895
6208
4739
6283
6278
1156
5877
808
5345
8656
193
2472
6216
543
9376
7551
4198
8256
2231
812
7538
9036
8206
2232
30
8382
303
1757
3254
9168
651
410
2772
5632
8886
1407
3715
2345
3203
9195
8388
5892
9224
5962
798
7565
2449
2443
9640
2237
7711
2108
4091
4456
2488
6816
8306
6728
5909
1732
9044
5187
5621
3023
9337
6216
4114
5407
8186
152
5430
3481
8531
773
8807
3847
8073
5060
1991
6848
6646
4187
7077
6449
7085
2229
5041
5947
8019
29
1902
7264
9176
9908
4833
191
230
7024
2297
5871
5956
7849
7597
2154
93
1149
5070
8032
995
1781
4277
7514
9725
2885
2710
6146
3087
6538
3605
17
4464
9084
5900
5061
6411
2903
6555
5177
711
6386
2485
3913
6353
3556
1727
3761
6617
1007
8014
7944
3925
3418
8555
2922
8293
922
5911
3054
30
6985
3564
1891
9304
3363
4660
4938
7286
6588
5532
500
3956
3475
1843
922
1573
5493
3399
3324
2241
1156
2944
903
5109
6885
6227
9541
9121
1769
2991
7638
8993
7439
904
2373
8445
9399
4150
2566
9183
2323
881
574
6747
4339
9279
2736
9129
2319
4556
3143
345
6024
8305
7281
1899
3344
2743
1512
2712
2
9542
7799
9544
546
1840
8536
4766
2315
2600
6982
5958
2492
7292
8772
6780
5712
4174
9511
4793
1633
1763
454
9960
5398
3122
1844
9161
5748
1714
748
2789
5238
3366
341
3830
8111
6069
2937
2629
6139
9216
206
4820
5413
9689
8037
7537
170
9914
6866
6578
6015
4462
2102
729
3450
9166
7895
1600
3837
9706
151
3817
5371
9178
1635
2645
955
798
1135
2809
113
15
5806
9074
3874
8840
8239
8117
418
3558
8918
5677
1789
9172
7526
7378
8136
4970
5845
5483
7260
4534
1457
6030
6286
7138
3877
3923
2371
5855
822
1074
8534
6263
3495
27
2627
3588
8817
7310
512
4771
1733
4263
6841
7424
9083
1951
7639
3252
6523
5341
6210
319
7117
250
4841
9819
5659
5680
228
6114
3359
7574
9635
1476
146
9232
4208
2047
104
2102
920
8038
8930
2604
5941
539
1466
9162
4444
5474
4310
889
4428
6798
7433
919
1843
4573
3582
6941
3374
2863
2153
3293
7261
6998
1619
2747
7314
8263
3410
122
2101
8216
3551
5355
1260
4679
3380
701
4984
8198
67
5343
1148
6030
2475
464
1119
4338
9976
9507
5763
6704
4665
7364
9778
5259
1196
1862
4021
7826
3622
3622
6489
8135
3088
3930
3814
7761
7721
5204
8032
9070
2158
164
752
7393
8176
9206
7278
5194
6798
409
7808
5520
2992
7531
5871
9396
3390
5861
5747
7361
5987
7539
6184
9881
3388
7262
4300
4386
3680
9092
5385
101
7427
773
9345
1136
4289
7209
5148
2863
6583
3525
4588
9595
7807
3114
8506
5802
3330
7864
693
3365
1643
6822
4285
3461
1650
2966
6525
7868
1239
6105
4659
9120
2889
7126
1716
825
8214
5143
6844
2783
2507
4316
7345
9476
4511
6929
2342
2048
5368
7974
1987
2100
8491
3406
5800
1383
8825
6728
9040
2542
4197
6201
9843
5045
9667
918
8127
7656
242
2847
762
5086
9394
8130
7340
2367
3976
1118
4600
4118
6258
4163
7182
8098
1779
4735
9903
9402
3651
49
9002
531
2749
8572
5037
3591
8312
212
5956
100
8359
6782
524
2790
842
7152
2247
6495
5276
9448
7664
9816
333
2021
3605
1625
3549
5803
1330
8717
1269
7989
7423
6650
4144
4812
4340
5085
5694
7367
6660
7984
119
5483
5493
7081
9934
150
9757
6911
2652
693
7259
1838
1819
7794
7877
8095
8415
3846
587
491
6679
9204
3690
4943
8437
1797
4609
3563
5259
9486
3098
6181
7957
8978
9342
553
230
7813
5654
6247
6588
6664
4681
9836
