5117
6625
9724
6004
4975
9575
5379
1662
3595
6721
521
867
1514
3950
6685
8719
5531
3553
1302
6758
5562
9155
1020
4846
6139
4152
3122
5919
1722
594
3843
3159
5324
3020
9978
2847
2239
4515
4615
5195
4077
2744
3532
4677
6630
831
4804
1511
1412
6548
4947
2097
5185
2881
3416
7100
4037
3672
8865
3920
4965
2924
4855
6352
2942
7964
9114
2495
8536
6467
763
3747
8535
6742
4115
9206
4444
2738
2704
5537
3879
9494
5558
3900
7611
4674
3571
3589
7085
6123
631
9587
6591
506
4675
6043
3775
699
6549
1233
7881
4548
8380
2899
3682
1725
9464
3481
1191
9080
7122
9814
2163
7966
904
8933
1919
1617
7314
9327
9736
3840
7747
3470
1901
5959
8387
7463
2488
5748
6698
7195
9107
8425
2091
7708
2143
629
9370
1972
9585
1821
223
5739
6330
969
4176
9710
275
3768
7310
4094
5804
4099
8649
4590
5019
7218
910
9898
7169
4712
9649
1415
3682
3060
3116
5827
6102
5282
565
6493
8488
3254
4794
1146
1569
8764
329
7607
7549
8710
5589
5234
8739
8847
2383
692
3649
5707
8060
6392
7992
1523
4946
5151
9468
3155
5957
3189
5887
9656
9365
6698
6988
6045
3124
7943
7434
4864
6922
7594
6731
4596
3216
7081
8867
836
8682
6334
439
3364
3272
4135
5115
8169
8579
2671
5957
25
9830
2948
5662
6461
2669
5001
7686
1261
3672
8840
2278
1849
1776
1790
608
3459
100
7236
294
2134
8528
8688
657
6838
6962
2612
5377
9202
4222
1519
2918
5240
9593
1208
6652
7080
7504
8756
4398
8439
6365
9476
5473
2718
8824
5152
9869
6124
7869
450
3877
6849
3248
4298
2977
2152
705
3991
7047
9929
5318
8397
7211
6173
7769
2824
9440
7078
8836
2615
347
430
1916
6181
7243
5665
1480
246
5874
5687
6077
3717
2618
6530
7080
4064
9425
7026
8692
1668
3381
3453
2349
6430
2720
7886
2530
9171
2637
6231
6863
909
3237
9639
3212
6768
2788
1765
8608
1005
3594
4708
8997
1049
9379
5099
7335
8464
6204
4676
5986
4952
6762
7758
2691
6016
6122
435
8554
3731
2907
7460
8536
3418
7115
3357
1777
2363
7506
4876
7487
7105
8092
1100
1005
8992
8612
7887
7229
7962
7858
6374
2093
2795
9834
4738
176
4687
3665
8320
6519
8171
8846
5705
118
8802
1389
1669
5208
3788
5932
7015
3871
6259
8449
8620
8981
106
6745
8513
6754
4578
6206
7040
1850
1812
738
4780
8860
701
5792
3130
3312
7315
5497
537
4967
1525
8822
6782
2692
4660
3798
8234
950
9937
5435
2241
9683
2323
9771
2318
8262
6038
1084
6998
8339
5950
2789
1636
3845
6536
4873
2316
5089
1309
5875
9969
6424
3210
9736
6428
3063
3167
7603
1137
7650
3555
9337
1526
4059
1991
9114
1691
4114
5453
2459
8576
8655
5863
8118
8203
562
3130
8017
4381
7980
7502
3851
1329
3265
8914
5194
897
2647
2452
8166
3775
581
5317
9791
4044
2062
2734
5934
7647
7007
7023
6086
3328
2427
4228
7036
4326
1535
9177
6226
6877
5047
5880
4453
5566
7439
3848
1194
3939
1620
3313
4864
6025
6955
6998
3346
2247
5373
8831
8575
4357
6127
1066
383
1310
1867
7809
3697
3882
3092
2111
7928
948
3530
9226
3279
7956
624
263
443
7898
5005
6096
8140
4538
1719
2540
5219
7658
2196
5451
1448
1052
9428
7207
6549
9736
8306
4596
4849
7862
5864
9564
5236
2905
2711
5952
8706
7410
5256
9939
8204
3225
8423
7958
6938
32
505
8127
7458
9985
2370
6365
7928
3101
8305
6582
2104
2
8008
3852
8171
2387
9810
4610
4271
1749
3943
1321
3378
2331
4028
8718
9758
5664
6256
9093
2626
7600
203
1256
8510
9846
2351
5199
424
5681
4846
3064
5026
2686
9155
9187
4963
5137
1417
5399
8185
4542
4182
4060
7288
9317
4564
6326
7772
3519
7357
3823
2337
5432
7037
3213
5616
3157
8899
3356
730
9285
6522
7336
3810
8395
1040
3937
136
6620
8314
3857
4627
3673
7795
7998
9579
1917
9686
780
8578
1505
3417
9625
8360
2702
1557
7501
9058
323
809
2507
2900
2370
6393
656
4786
2681
8937
9337
8152
1561
5532
8554
7846
9498
2150
8206
4883
9390
8601
3583
9883
9712
9749
9970
6633
2714
682
7986
4893
9738
4055
5968
5106
1444
1690
5594
8255
3718
4856
791
7984
9099
1438
777
2363
2876
870
995
9628
8350
4247
3175
9827
8757
1158
7040
6726
7194
8923
5303
2785
9220
4241
4681
1011
1859
6810
2548
9189
1123
218
3737
5271
35
9142
5844
5144
4000
7393
4401
1426
8085
6694
6121
3203
2555
657
4062
935
1674
9420
6441
7799
387
6461
7656
1955
8554
8772
8831
3916
5384
9735
8320
6765
2070
5521
2109
4678
2359
6263
9547
7160
3183
2013
2304
9154
8248
6108
4912
4965
6916
5813
5439
8581
7912
4429
7167
8518
9803
9610
1133
8988
3949
3195
6198
1882
9916
1837
9870
9148
1482
4118
1686
3107
2622
1476
746
6120
9891
9732
6371
2071
685
1473
6948
6140
5114
2366
5177
4906
9349
3979
6990
9181
2872
7229
9686
5762
3774
71
9723
1879
8386
3182
1028
983
855
7973
6862
9854
807
3935
5994
9913
7041
940
4450
3481
4898
5788
1943
6475
9420
3615
9120
2236
3490
5928
5316
6901
3723
9775
8306
5158
1545
574
7096
7216
6728
5518
1182
5826
9206
8972
7439
505
1221
9401
8567
1387
2919
8006
7889
9488
6113
5320
34
2108
6552
5600
8883
3262
3836
3418
2914
3565
3709
4291
4100
8406
1836
8205
4986
448
9327
1182
579
4665
7819
2959
9506
2045
622
6986
3121
1990
8314
2388
8159
9712
1345
7351
7413
7124
8088
8282
3784
4035
7241
1106
8736
522
4441
3049
6243
879
7522
3939
8679
8278
533
6883
3629
3334
3780
5733
1930
6412
4936
5078
4916
7832
6789
1663
3960
6375
3854
2890
8180
4960
6493
6472
4069
