111
6548
2806
9319
2939
3818
7504
1555
3284
7429
5304
8799
8328
942
8274
4354
9271
4382
3634
2574
8162
7157
3711
7270
4369
9538
2477
6365
7335
6969
2367
6184
2292
4753
640
2679
5439
7094
9066
1289
5143
1816
3670
7330
7783
7403
3521
1527
8236
5726
69
1323
7103
517
2051
7702
1653
8501
7309
6649
6070
9836
2486
4292
910
5260
9649
9427
3943
3278
4916
5227
5635
7958
889
3527
6585
8152
9598
7533
3350
3248
4329
9395
1174
4206
3849
808
2786
8673
7423
6908
1630
275
7185
1332
1059
5925
639
1894
4907
2693
3756
3997
7903
6493
6294
8708
2193
1439
1169
5710
2198
2144
7522
7927
9544
7212
1608
5892
342
4867
7375
4591
9472
4893
6049
2391
2887
9468
1678
6906
4228
4431
430
991
3194
338
7985
2741
2468
5598
7447
2709
9154
9047
8300
1090
5671
5517
3849
3817
5409
9181
5280
2320
2195
3076
4453
8458
8673
3168
2840
7176
3124
1567
4213
5261
4875
1778
7411
7823
6499
6470
163
785
8424
5036
3256
6260
7146
5495
640
2516
3015
2717
2234
2591
9926
705
1009
9284
9218
450
9828
1279
5059
379
1784
6734
44
8309
9266
1609
4028
2789
9803
345
3694
4575
6536
5682
8788
3952
9593
7408
5503
7632
8520
9305
625
3747
5727
4143
1943
9908
4731
2184
1207
9269
9743
1064
7923
1701
1965
6415
2499
4557
5771
3427
1592
3307
5365
8737
8026
3475
3012
2402
8800
7688
2761
3093
6962
4021
6832
7267
8805
8940
2002
619
602
6065
9013
4227
8137
6121
3355
8718
6646
5590
5737
4987
6643
1483
9969
5546
3462
4030
8616
4947
5060
1380
5206
5767
723
264
3903
9071
182
6513
3568
4015
9846
5896
8771
6254
9245
210
8159
5042
2904
4448
1190
9417
5192
8091
1798
5331
5029
667
5477
1142
6004
9386
1833
167
3095
6373
2642
4951
4199
8319
372
663
1286
2919
3869
3443
3517
3671
3322
3676
747
8669
8196
4084
9391
4699
6479
4498
1695
9172
3483
3472
322
3102
3867
6409
5469
5507
1649
2312
9428
4585
4356
2861
2614
3874
9251
6207
1785
3461
2960
6360
513
4606
2669
2289
1903
7863
2309
8630
9538
6416
3914
2921
7981
4732
5238
6758
7253
2414
9879
6461
6999
4572
9495
3396
9189
2646
741
6984
2018
8036
2428
6422
2411
7066
6290
4461
6056
1385
1237
905
7141
3816
9635
461
5757
7921
2896
4718
4195
5732
2594
8861
8885
3328
7350
5442
1079
2604
503
2366
6869
1481
8213
4067
3601
284
1022
6295
3774
5556
781
8078
3765
7595
2170
7812
4868
422
5895
9255
2216
9001
5185
8228
7485
6136
7422
579
3309
1780
1697
435
9918
4365
3576
6497
2907
743
5566
8913
4842
2065
4346
3561
9567
4189
1454
1646
1488
1880
2896
7582
1282
7606
2120
1137
604
7296
4484
2943
3146
7750
3882
4271
8068
1165
205
8336
4361
5469
5735
2749
8289
4899
9533
2513
5555
608
5907
5801
7785
1632
685
3829
5892
7233
3794
6287
9322
4358
8457
6113
8822
8253
2668
7095
8659
3528
8121
8333
4467
8629
2795
3720
9568
3536
2766
2580
3658
5389
5490
8020
5753
1301
4061
1419
6013
3094
1236
9006
2667
223
7688
4113
4822
7849
5911
2607
4290
7072
9254
5162
2616
2004
3304
6476
5164
6326
5521
885
8372
4234
9410
8113
849
6072
5502
5879
8315
9815
2819
9177
4782
3303
5268
250
5248
6729
4177
1554
3389
9862
3021
9107
587
8528
4443
3177
6924
2658
9021
2857
2733
7484
1991
9666
9595
8594
3164
9019
1586
9196
6
2856
1046
8730
8989
8983
3272
2595
8516
7610
5971
4592
6901
354
6074
1388
2194
2283
5068
644
3568
6381
885
5662
3939
3947
9707
8130
8642
318
8885
8431
9355
5840
4167
1359
1342
3478
2849
7252
1483
5453
8566
4119
1100
6253
8416
7564
4532
1955
4460
5105
4596
666
7276
371
2727
5769
6842
1512
3125
1483
3018
9832
1663
7077
9588
1316
4364
1556
3214
6320
245
5050
4679
972
8631
6686
8381
3750
8704
8284
854
9555
2060
3526
8689
3429
6883
2421
1447
460
3708
7402
5785
4857
1599
1990
3344
4836
5571
335
2737
5175
9480
3606
9436
2831
3342
8868
4960
4894
943
1027
6744
5499
6309
9801
1603
1592
4519
1154
1254
3428
8848
5229
8176
9450
9606
166
8169
8682
2783
3398
4973
1453
2288
1278
5726
8593
19
4101
1419
6822
725
7000
5035
6516
6828
228
5496
2467
6431
302
5453
3817
8754
8353
2124
7090
8964
7831
3726
4515
2002
4724
6986
6061
2101
6161
660
5721
3601
380
7269
8375
2499
6817
826
1642
9029
9939
3293
7666
1858
2317
9135
3999
2480
5713
243
6358
7990
8250
4429
8034
3360
1057
4626
7408
1305
873
2163
433
2155
3837
3666
9803
3841
6571
6889
8889
3031
8494
3254
4585
2732
6843
6285
380
6941
6354
7402
8409
3743
4823
7156
6482
2586
9538
8556
9480
5723
5589
964
7525
9384
442
9191
3474
3028
9292
5311
4291
3314
5116
7243
8703
3172
4969
472
9822
6517
7326
9652
2141
451
6829
7408
4193
9523
6512
821
3310
1135
4
6700
2112
35
5109
513
7464
4527
6572
4253
1379
4495
648
4603
8809
6436
5863
2301
3863
6353
9179
8807
9930
8366
3070
7838
8384
4824
7180
1867
9370
8342
3136
9933
78
7300
7461
7443
6113
817
7179
5426
7790
783
9007
976
2947
8700
9444
4758
6236
2111
9034
6816
6512
6130
3698
924
2115
964
6454
3813
5130
4891
5234
9849
7583
2206
748
6657
4098
3745
4687
100
342
8754
2406
8064
8054
5166
9841
692
3611
3898
242
8873
9178
9006
8609
7356
9356
1734
3285
1799
8010
4848
9270
4688
7497
5929
8983
1834
1032
9727
9495
7866
5569
6430
4813
8861
7580
7754
9452
372
2337
1250
1826
254
7902
4363
5341
8791
1009
7746
630
8676
3503
8433
233
